2074706944
2074018305
2077183416
2074313223
2073926668
2073440270
2073720847
2074509845
2074016791
2073435161
2074273818
2075094555
2074209821
2073716256
2075216931
2074601511
2073903657
2073788458
2073824299
2074450476
2074504238
2075277111
2074140210
2074912691
2077799838
2076370490
2074011713
2073957954
2074042806
2074103137
2074394185
2076606903
2074763343
2076247120
2074015825
2074461778
2074324709
2074581518
2074610269
2074248287
2074718816
2074743568
2074430050
2074013798
2073508456
2074357866
2076085362
2073850484
2073760886
2074461033
2073624187
2074499434
2073765568
2074872962
2076621443
2073401477
2075351175
2075442825
2078599306
2074400791
2074580110
2076167312
2074796182
2078748524
2077132442
2073389212
2078629537
2074045091
2075067558
2074105000
2074130603
2074783917
2073328305
2074505394
2074367667
2074242229
2074139326
2074350272
2073765569
2073788790
2075128011
2074316495
2074643255
2078466775
2073744602
2078202077
2074354914
2074426085
2074338694
2073689833
2073959658
2076006636
2073773293
2074229487
2074622193
2073464054
2074272329
2074469114
2073793791
2075363074
2075123462
2074697089
2074867467
2073475853
2074149134
2073542194
2074446608
2076517138
2076021524
2073715989
2074225431
2074320772
2073907994
2077600027
2078358817
2076049189
2073520422
2075084584
2075013417
2073474859
2074130482
2075561751
2074460469
2073901367
2073661753
2074840379
2074305674
2073841470
2074830144
2073820993
2074014533
2077588808
2075085131
2073885516
2075097933
2074423874
2074986841
2073432924
2074736990
2076117922
2076143969
2074045798
2073661287
2075950441
2078485866
2078791531
2074327916
2073781101
2073503609
2073875825
2074538358
2074529657
2073759722
2074333054
2076283775
2074788737
2074401666
2074217347
2074563972
2074917253
2073510790
2074220938
2074568075
2073753997
2074509632
2076199827
2074481045
2074399386
2074631070
2074514848
2078888354
2074249638
2073845671
2073780076
2074475948
2073589677
2075024303
2074144072
2076316082
2077576115
2076646325
2074440118
2074724791
2074427832
2075291578
2073927611
2076242369
2075214276
2077754309
2073493894
2074446071
2074792909
2073852579
2073392719
2073549392
2073826794
2074998251
2074306028
2074919933
2074520232
2074461170
2075154938
2073808381
2075825237
